             64          7.823109627          0.414469384
            128         12.516975403          0.812790611
            192         14.442663926          1.203555327
            256         15.646219254          1.574462315
            320         17.384688059          1.873798713
            384         17.881393433          2.235174179
            448         19.047571265          2.577024348
            512         19.256885235          2.910924512
            576         20.116567612          3.237148811
            640         20.188670005          3.596832012
            704         20.861625671          3.889455634
            768         20.861625671          4.195634213
            832         21.410615821          4.520018895
            896         21.370445810          4.867712657
            960         21.335753528          5.215406418
           1024         21.768652874          5.563100179
           1088         21.713120597          5.599699522
           1152         22.088780123          5.836931535
           1216         22.020604875          6.005619511
           1280         22.351741791          6.321704749
           1344         22.275973175          6.571412086
           1408         22.571594989          6.782597509
           1472         22.491440177          7.021717909
           1536         22.758137096          7.256217625
           1600         22.675680078          7.111917843
           1664         22.918405667          7.362926708
           1728         22.835022694          7.543712854
           1792         22.758137096          7.753878568
           1856         22.974195360          7.925595779
           1920         21.580992074          8.127906106
           1984         23.096799850          8.362634429
           2048         23.019724879          8.522196019
           2112         23.205628556          8.751275176
           2176         23.129193679          9.016465333
           2240         23.302879739          9.242492386
           2304         23.227377036          9.466620053
           2368         23.390307571          9.490329711
           2432         23.315934574          9.589618252
           2496         23.245811462          9.724343440
           2560         23.396215706          9.934107463
           2624         23.327090523         10.023359209
           2688         23.469328880         10.109864748
           2752         23.401301840         10.350575814
           2816         22.571594989         10.430812836
           2880         22.530555725         10.316188519
           2944         23.597576579         10.506950156
           3008         23.345152537         10.619094656
           3072         23.108262282         10.806021931
           3136         23.057586268         10.760206925
           3200         23.179584079         10.827833393
           3264         23.129193679         11.006305958
           3328         23.245811462         11.145252071
           3392         23.195793579         11.206075952
           3456         23.307471440         11.379068548
           3520         23.257893485         11.435774870
           3584         23.210285515         11.605142758
           3648         22.578088543         11.812377450
           3712         23.418857205         11.901386449
           3776         23.370302176         11.949863249
           3840         23.323556651         12.074252800
           3904         23.421334343         12.158208592
           3968         23.375074547         12.163831896
           4032         23.469328880         12.244867242
           4096         23.423579701         12.400718665
           4160         23.514549167         12.478579773
           4224         23.469328880         12.593298424
           4288         23.557228988         12.784105975
           4352         23.512550480         12.780095006
           4416         23.597576579         12.814114285
           4480         23.553448339         12.625191329
           4544         23.510720995         12.992766866
           4608         22.990362985         12.837923490
           4672         23.549979495         13.016227983
           4736         23.628984179         13.119775918
           4800         23.587265206         13.297070187
           4864         23.663933597         13.436301280
           4928         23.057586268         13.651658725
           4992         23.697186442         13.789888156
           5056         23.656484613         13.888217090
           5120         23.728863323         13.907750448
           5184         23.147831224         13.775475647
           5248         23.649584862         13.832776052
           5312         23.719382613         13.926393545
           5376         23.680764276         14.056496442
           5440         23.748725653         14.223835685
           5504         23.710570146         14.276656295
           5568         23.776787337         14.366449341
           5632         23.238266571         14.417458579
           5696         23.803649805         13.995110689
           5760         23.275367485         14.188007384
           5824         23.730099201         14.345651910
           5888         23.792597873         14.466855993
           5952         23.756708418         14.587452537
           6016         23.817726475         14.348727901
           6080         23.782253265         14.716740882
           6144         23.841857910         14.547574318
           6208         23.806796354         14.663606450
           6272         23.865050379         14.708196517
           6336         23.830395478         14.858280154
           6400         23.887357639         14.936724824
           6464         23.853104070         14.632112450
           6528         23.908829421         14.776984851
           6592         23.874971602         14.853092932
           6656         23.841857910         14.928502774
           6720         23.896043951         15.072046070
           6784         23.863298430         15.180771084
           6848         23.916363716         15.254172757
           6912         23.883981334         15.396735120
           6976         23.935970507         15.227124095
           7040         23.821233466         15.401200160
           7104         23.709629176         15.437602997
           7168         23.761038053         15.507757136
           7232         23.731849338         15.340761611
           7296         23.782253265         15.409667343
           7360         23.753336160         15.544839863
           7424         23.724986058         15.612571470
           7488         23.774125359         15.448165845
           7552         23.746030507         15.646219254
           7616         23.794250366         15.679158662
           7680         23.766408993         15.744623148
           7744         23.813742512         15.875828341
           7808         23.786152635         15.775526851
           7872         23.832631185         15.904834448
           7936         23.805290643         16.001081958
           8000         23.850943984         15.552901842
           8064         23.823850465         15.677325057
           8128         23.868706849         15.708062017
           8192         23.841857910         15.800521219
           8256         23.815484174         15.923962791
           8320         23.859337278         16.015814984
           8384         23.833194444         16.107306265
           8448         23.876311462         16.166739268
           8512         23.850397258         16.257399693
           8576         23.892802051         16.347706666
           8640         23.867114116         16.216810743
           8704         23.908829421         16.305638456
           8768         23.883365323         16.116782239
           8832         23.858323282         16.295684958
           8896         23.899170069         16.413769632
           8960         23.874340005         16.438804469
           9024         23.914546501         16.132482009
           9088         23.889926172         16.246896775
           9152         23.929511800         16.301707492
           9216         23.905098913         16.356120309
           9280         23.944082235         16.410139543
           9344         23.919874461         16.493487444
           9408         23.650326275         16.576534993
           9472         23.628984179         16.599573115
           9536         23.667884962         16.446466799
           9600         23.646678973         16.527696395
           9664         23.625791073         16.550466601
           9728         23.663933597         16.660072340
           9792         23.643175761         16.740360460
           9856         23.680764276         16.820368342
           9920         23.717985177         16.929591513
           9984         23.697186442         16.950070858
          10048         23.733878481         16.853903415
          10112         23.713214792         16.874420765
          10176         23.692846298         16.952292070
          10240         23.728863323         17.000985267
          10304         23.708623998         16.934731427
          10368         23.744145378         16.954431566
          10432         23.724034775         17.030609271
          10496         23.759073681         17.106533051
          10560         23.739091281         17.040436811
          10624         23.773660376         17.059260401
          10688         23.753805594         17.133892560
          10752         23.734219725         17.152135952
          10816         23.768189248         17.031955258
          10880         23.748725653         17.132736059
          10944         23.782253265         17.205810240
          11008         23.762911361         17.223358154
          11072         23.796008183         17.407047787
          11136         23.570927707         17.451552244
          11200         23.553448339         17.384688059
          11264         23.688039472         17.401166437
          11328         23.822630605         17.121365118
          11392         23.803649805         17.218095995
          11456         23.784910797         17.314826871
          11520         23.766408993         17.384688059
          11584         23.798030965         17.454333959
          11648         23.779640118         17.523765564
          11712         23.761478202         17.512282100
          11776         23.792597873         17.581095222
          11840         23.823461415         17.649698548
          11904         23.805290643         17.504943045
          11968         23.835788191         17.546284860
          12032         23.817726475         17.613707902
          12096         23.799882808         17.549765216
          12160         24.071106544         17.564441112
          12224         24.051733420         17.656885539
          12288         24.032592773         17.671024098
          12352         24.061516462         17.736976892
          12416         24.042507209         17.776670777
          12480         24.071106544         17.842179851
          12544         23.865050379         17.881393433
          12608         23.847622383         17.663640074
          12672         23.830395478         17.753303222
          12736         23.858985682         17.791986465
          12800         23.841857910         17.855885025
          12928         23.853104070         17.755821850
          13056         23.864140020         17.856384491
          13184         23.874971602         17.931133053
          13312         23.885604438         18.105221723
          13440         23.896043951         18.028565395
          13568         23.906295364         18.150470488
          13696         23.916363716         18.123360867
          13824         23.926253867         18.268018155
          13952         23.935970507         18.191337585
          14080         23.945518162         18.309405509
          14208         23.913670735         18.209492395
          14336         23.923229439         18.301582834
          14464         23.932626405         18.392954753
          14592         23.941865703         18.483616527
          14720         23.950951270         18.336970335
          14848         23.959886910         18.449417366
          14976         23.968676303         18.467668627
          15104         23.977323012         18.532033846
          15232         23.794250366         18.321280110
          15360         23.879762295         18.429902434
          15488         23.964462401         18.492723123
          15616         23.935282118         18.532415038
          15744         23.981121099         18.350273833
          15872         23.989257341         18.477439880
          16000         23.960519531         18.604303512
          16128         23.968676303         18.708646510
          16256         23.976710048         18.570746217
          16384         23.984623526         18.651604791
          16512         23.992419420         18.602417361
          16640         24.000100330         18.682052840
          16768         24.007668781         18.761141622
          16896         24.015127226         18.796823131
          17024         24.022478046         18.917701461
          17152         24.029723553         19.016720000
          17280         24.036865994         18.901472924
          17408         24.043907553         18.893547778
          17536         24.017165689         18.864968429
          17664         24.024236517         18.960950665
          17792         24.031209682         18.829649145
          17920         24.038087193         18.863041511
          18048         24.044871005         18.896076358
          18176         24.051563020         18.969162297
          18304         24.058165089         19.021546043
          18432         24.064679012         19.113939109
          18560         24.071106544         19.004831763
          18688         24.077449391         19.075975040
          18816         24.052227245         19.146674133
          18944         24.058602073         19.236888470
          19072         24.064894645         18.992152088
          19200         24.071106544         19.119616196
          19392         23.943456736         19.212986561
          19584         24.089273417         19.036751855
          19776         24.053143032         19.071722877
          19968         24.077042698         19.275894994
          20160         24.071106544         19.252183847
          20352         24.065285236         19.359913318
          20544         24.088423887         19.429154276
          20736         24.082541749         19.275190259
          20928         24.076770334         19.343341005
          21120         24.099194183         19.410723134
          21312         24.093368839         19.350755846
          21504         24.115273712         19.452838739
          21696         24.109401486         19.482344635
          21888         24.103635066         19.493650218
          22080         24.124896726         19.575505503
          22272         24.119088816         19.463393388
          22464         24.139881134         19.543853943
          22656         24.134037541         19.485528991
          22848         24.128294918         19.581771336
          23040         24.122650669         19.694541718
          23232         24.142731516         19.652517609
          23424         24.010550301         19.695670668
          23616         24.131472955         19.587633264
          23808         24.125983678         19.713441363
          24000         24.120584666         19.672530495
          24192         24.139881134         19.632434449
          24384         24.134451561         19.722777620
          24576         24.129109210         19.796204920
          24768         24.147903693         19.804045302
          24960         24.142534160         19.876304589
          25152         24.160959397         19.708218483
          25344         24.155566567         19.779418434
          25536         24.150257184         19.865844016
          25728         24.168223400         19.779182830
          25984         24.153479152         19.866661507
          26240         24.161769845         19.906749089
          26496         24.169905862         19.961586351
          26752         24.177891490         19.848618052
          27008         24.185730861         19.932692906
          27264         24.171493752         20.000868423
          27520         24.092656326         19.904953488
          27776         24.186853628         19.957264235
          28032         24.172994826         19.994293313
          28288         24.201675976         19.972935480
          28544         24.187916073         20.037943394
          28800         24.195184413         19.973896919
          29056         24.202328931         20.094437174
          29312         24.188922930         20.030659450
          29568         24.195994293         20.107241433
          29824         24.202948289         20.127365555
          30080         24.209787816         20.133396439
          30336         24.216515677         20.180429731
          30592         24.203536580         20.254279765
          30848         24.229647165         20.204896665
          31104         24.216759736         20.169927207
          31360         24.223214642         20.282136069
          31616         24.134995507         20.286698980
          31872         24.235823292         20.251636617
          32128         24.223290872         20.282510175
          32448         24.221780646         20.262153669
          32768         24.238621052         20.255029729
          33088         24.236989825         20.349925419
          33408         24.235390060         20.291494287
          33728         24.198261325         20.334297279
          34048         24.214657870         20.388949523
          34368         24.248253215         20.368532701
          34688         24.246607106         20.446656625
          35008         24.262174151         20.462598761
          35328         24.260429854         20.441924327
          35648         24.208178123         20.481654816
          35968         24.240317631         20.437362511
          36288         24.222269807         20.547553716
          36608         24.237338966         20.503178495
          36928         24.235888616         20.588069576
          37248         24.234463355         20.520787844
          37568         24.233062538         20.535116158
          37888         24.200030825         20.537831038
          38208         24.246055534         20.529215152
          38528         24.244591996         20.633130319
          38912         24.252138448         20.635360751
          39296         24.259541974         20.615404768
          39680         24.251639843         20.628720760
          40064         24.258905889         20.652679500
          40448         24.251160192         20.708713232
          40832         24.258293764         20.667262699
          41216         24.250698434         20.722190641
          41600         24.257704269         20.712917545
          41984         24.264585887         20.714268073
          42368         24.228765253         20.777928076
          42752         24.235766867         20.830442374
          43136         24.228723209         20.799904885
          43520         24.235601577         20.830991860
          43904         24.215017277         20.871767444
          44288         24.221887524         20.811501631
          44672         24.269024531         20.851667855
          45056         24.261978754         20.871508014
          45504         24.236300412         20.910642649
          45952         24.263467439         20.978497524
          46400         24.238267006         20.938641364
          46848         24.239222209         20.995476615
          47296         24.240159389         21.013277653
          47744         24.241079051         21.011844398
          48192         23.897775046         20.926470867
          48640         23.758494771         20.972004643
          49088         23.496133465         20.970991992
          49536         23.155207844         20.933748837
          49984         22.904774577         21.005066157
          50432         22.632805455         21.066588247
          50880         22.331677391         21.046944681
          51328         22.092020847         21.018874106
          51840         21.869607585         21.087250575
          52352         21.943604542         21.076339810
          52864         21.675097867         21.057070637
          53376         21.757310308         21.123345783
          53888         21.766404976         21.103911272
          54400         21.766426130         21.126745616
          54912         21.766446890         21.115935697
          55424         21.766467267         21.097120862
          55936         21.766487270         21.143866452
          56448         21.766506911         21.133178226
          56960         21.766526199         21.138725064
          57472         21.732876860         21.104475989
          57984         21.733192248         21.173225756
          58560         21.740760238         21.193620454
          59136         21.740009910         21.205876920
          59712         21.747370672         21.187115477
          60288         21.706536873         21.183957653
          60864         21.745786642         21.150752680
          61440         21.737149759         21.222706441
          62016         21.744261680         21.211873322
          62592         21.743520327         21.238032519
          63168         21.750448455         21.263777492
          63744         21.742077958         21.303669688
          64320         21.748893983         21.227742625
          64960         21.754674716         21.238264851
          65600         21.745592861         21.255632518
          66240         21.751292045         21.251754498
          66880         21.756885056         21.268681782
          67520         21.755204366         21.292178410
          68160         21.753555490         21.315284304
          68800         21.758972442         21.317725852
          69440         21.757318667         21.306743508
          70080         21.762604106         21.349046832
          70720         21.760946854         21.331366163
          71424         21.758480607         21.365776307
          72128         21.762775808         21.399622693
          72832         21.760339151         21.317446885
          73536         21.764535015         21.395425079
          74240         21.762127499         21.396539150
          74944         21.766228388         21.378906355
          75648         21.763849553         21.423493956
          76352         21.767859556         21.430470229
          77056         21.765508933         21.419042617
          77824         21.762427924         21.449608357
          78592         21.765570369         21.413828078
          79360         21.768652874         21.449764372
          80128         21.765629450         21.461590255
          80896         21.744718127         21.449914465
          81664         21.765686310         21.473058099
          82432         21.768652874         21.461480723
          83200         21.771565458         21.489788726
          84032         21.773699926         21.483383927
          84864         21.747260723         21.516086835
          85696         21.777845718         21.509535504
          86528         21.774254689         21.552407978
          87360         21.781835065         21.529323872
          88192         21.772774685         21.517455221
          89024         21.753014474         21.543074468
          89856         21.776745311         21.562985847
          90752         21.778001376         21.582041733
          91648         21.779233022         21.579952777
          92544         21.780440954         21.603660101
          93440         21.781625850         21.606507553
          94336         21.777646062         21.594126573
          95232         21.778834658         21.607029466
          96128         21.780001222         21.624680303
          97088         21.785511342         21.631637829
          98048         21.781015808         21.633581134
          99008         21.786409708         21.635487093
          99968         21.786845976         21.666129853
         100928         21.787273963         21.686739409
         101888         21.787693900         21.692820424
         102848         21.788106014         21.684755792
         103872         21.792588585         21.708753023
         104896         21.792354669         21.718529203
         105920         21.792125281         21.709908082
         106944         21.791900290         21.687957174
         107968         21.791679571         21.737839721
         108992         21.791463005         21.720408713
         110080         21.790685924         21.742271958
         111168         21.794292577         21.724606589
         112256         21.789177111         21.746013131
         113344         21.797014197         21.762775808
         114432         21.791968861         21.732717052
         115520         21.795427940         21.719996733
         116672         21.798286358         21.756718306
         117824         21.796965301         21.735287414
         118976         21.799753863         21.754915178
         120128         21.798443896         21.758068930
         121280         21.801165798         21.781146362
         122432         21.799867030         21.772116699
         123648         21.798085883         21.786303134
         124864         21.800231218         21.804124117
         126080         21.798480855         21.783075569
         127296         21.804400137         21.800581503
         128512         21.798860892         21.813996363
         129792         21.800434659         21.815422926
         131072         21.801977909         21.846570330
         132352         21.803491520         21.821872478
         133632         21.801338539         21.823183568
         134912         21.802829408         21.831692991
         136256         21.807398226         21.832410808
         137600         21.804810498         21.850842088
         138944         21.805772428         21.847848207
         140288         21.806716009         21.837957723
         141632         21.807641762         21.859269702
         143040         21.808107285         21.862644596
         144448         21.808563752         21.862570410
         145856         21.809011424         21.885980469
         147264         21.809450554         21.872387912
         148736         21.809454818         21.878347500
         150208         21.809458998         21.890716297
         151680         21.806256766         21.899624764
         153152         21.812643562         21.882760183
         154624         21.793753656         21.904253638
         156160         21.809068825         21.896630329
         157696         21.811759118         21.917159887
         159232         21.811342487         21.912633551
         160768         21.810933832         21.911248928
         162368         21.813138204         21.927611239
         163968         21.812332324         21.934672354
         165568         21.814480846         21.944575337
         167168         21.813677443         21.930735010
         168832         21.812512295         21.951722585
         170496         21.814223782         21.949198574
         172160         21.813075819         21.938144275
         173824         21.814749226         21.938632676
         175552         21.816027151         21.952726042
         177280         21.814534960         21.949874567
         179008         21.818509412         21.960845692
         180736         21.817021687         21.971617689
         182528         21.817879140         21.962848437
         184320         21.816079133         21.970312750
         186112         21.816929077         21.967027442
         187968         21.820012321         21.968660666
         189824         21.817906115         21.959865755
         191680         21.820920449         21.969257695
         193536         21.818845756         21.986137092
         195456         21.809015792         21.971975446
         197376         21.819100239         21.988124939
         199296         21.819223805         22.006470983
         201280         21.821445478         21.994573495
         203264         21.821228389         21.999952341
         205248         21.823388125         22.002817429
         207296         21.822846017         22.002867323
         209344         21.822314541         22.007647034
         211392         21.824097210         22.017025112
         213504         21.823262226         22.002650408
         215616         21.824702480         22.004638975
         217728         21.823877778         22.013415178
         219904         21.822776276         22.028440629
         222080         21.823889382         22.025306617
         224256         21.814126038         22.026658202
         226496         21.825766629         22.023255419
         228736         21.824407303         22.022088259
         230976         21.823074507         22.023090985
         233280         21.825667501         22.027991185
         235584         21.826142330         22.039121046
         237888         21.826607981         22.041689204
         240256         21.824768073         22.052152085
         242624         21.826979647         22.052167372
         244992         21.827160096         22.048123432
         247424         21.827075736         22.057902684
         249856         21.826993020         22.067499988
         252352         21.828586472         22.060805477
         254848         21.828236863         22.069870729
         257344         21.829787515         22.069086247
         259904         21.829183677         22.071835480
         262464         21.830448298         22.061249840
         265088         21.820417558         22.074986000
         267712         21.830598778         22.075431364
         270336         21.829770480         22.081399976
         273024         21.828720901         22.088780123
         275712         21.829459167         22.083352459
         278464         21.831700464         22.072367665
         281216         21.830431817         22.098838766
         283968         21.832620435         22.096689688
         286784         21.826043575         22.076897890
         289600         21.833055932         22.095386478
         292480         21.831378365         22.103005252
         295360         21.833034048         22.096948009
         298304         21.832805311         22.099099376
         301248         21.832581050         22.109502860
         304256         21.832147441         22.106286152
         307264         21.831722339         22.109639039
         310336         21.834237617         22.114265732
         313408         21.833592843         22.121996733
         316480         21.834500976         22.115350638
         319616         21.833662299         22.121089660
         322752         21.834350383         22.118966626
         325952         21.834825225         22.127370957
         329152         21.835290854         22.129530594
         332416         21.834084579         22.138926051
         335680         21.835806555         22.140677185
         339008         21.835864415         22.130313321
         342336         21.835921150         22.136249894
         345728         21.834377785         22.147625655
         349184         21.835470584         22.152788957
         352640         21.835159396         22.147891609
         356160         21.836040162         22.154114915
         359680         21.835548102         22.157427795
         363264         21.836228297         22.161816828
         366848         21.835566075         22.164752243
         370496         21.837372855         22.159257066
         374144         21.836537811         22.161923255
         377856         21.836836705         22.162974682
         381632         21.836958551         22.157194184
         385408         21.837078010         22.158041589
         389248         21.837027250         22.162516565
         393088         21.836977482         22.161793867
         396992         21.837992469         22.170987557
         400960         21.838824468         22.181040589
         404928         21.838435742         22.171025581
         408960         21.837894617         22.175743824
         412992         21.838544929         22.182808490
         417088         21.839025675         22.183489802
         421248         21.838183773         22.188723970
         425408         21.839651276         22.189122974
         429632         21.839802433         22.196337669
         433920         21.838675561         22.196237179
         438208         21.839796795         22.199588298
         442560         21.840748148         22.198113693
         446976         21.839351507         22.199846669
         451392         21.840143367         22.203779556
         455872         21.840776002         22.207436434
         460416         21.840194288         22.215207245
         464960         21.840673048         22.211975159
         469568         21.841002790         22.210759536
         474240         21.840159116         22.207246980
         478976         21.840213540         22.209930275
         483712         21.840266898         22.206304891
         488512         21.841183534         22.207724711
         493376         21.841949246         22.219158925
         498304         21.840610122         22.218030842
         503232         21.842205413         22.218931188
         508224         21.841720505         22.216652140
         513280         21.841117169         22.218171557
         518400         21.841340104         22.223379239
         523584         21.842365038         22.219627603
         528768         21.841524622         22.221679225
         534016         21.841491230         22.232032603
         539328         21.842241307         22.233580313
         544704         21.842856076         22.232141920
         550144         21.842452408         22.235156140
         555584         21.842934803         22.236291792
         561088         21.843290608         22.235435921
         566656         21.842662347         22.243356659
         572288         21.839374449         22.241235604
         577984         21.843633790         22.238118678
         583744         21.843518281         22.241833752
         589568         21.843293440         22.241884459
         595456         21.842962553         22.243475275
         601408         21.844151443         22.243195511
         607360         21.843710293         22.239589713
         613376         21.839989124         22.248273787
         619456         21.844110368         22.239482510
         625600         21.841027234         22.245270092
         631808         21.844078132         22.252400716
         638080         21.843907713         22.244963416
         644416         21.845152933         22.244594820
         650816         21.844772924         22.251865821
         657280         21.844300127         22.249608382
         663808         21.844472486         22.259459035
         670400         21.845271134         22.255375182
         677056         21.845236041         22.260209593
         683776         21.845105231         22.252215582
         690560         21.844881538         22.261845552
         697408         21.845267460         22.258801032
         704320         21.845552256         22.257119778
         711360         21.845646076         22.258052283
         718464         21.844967022         22.258833778
         725632         21.845555557         22.259468461
         732864         21.846042575         22.259960450
         740160         21.845771540         22.265792065
         747520         21.845417594         22.262566272
         754944         21.845629676         22.262634096
         762432         21.846391229         22.263239866
         770048         21.845698875         22.268852291
         777728         21.846190374         22.267711702
         785472         21.846588230         22.269699214
         793280         21.846895083         22.276003635
         801152         21.846504293         22.272565472
         809152         21.846561200         22.275853723
         817216         21.846536211         22.277096830
         825344         21.846431734         22.281888741
         833536         21.846835654         22.280989482
         841856         21.846495031         22.278068688
         850240         21.847231551         22.279270375
         858688         21.847308310         22.279153486
         867264         21.844980254         22.285840715
         875904         21.847080213         22.285329174
         884608         21.846857513         22.283569554
         893440         21.847037661         22.288448254
         902336         21.847682010         22.293125010
         911296         21.847705602         22.293142138
         920384         21.848115459         22.288529663
         929536         21.847395899         22.292102064
         938816         21.848109494         22.292148724
         948160         21.848224538         22.293699278
         957632         21.847689494         22.291300042
         967168         21.847601327         22.295678016
         976832         21.848378991         22.297688559
         986560         21.848084770         22.296983433
         996416         21.848153510         22.303750549
        1006336         21.848155192         22.302200706
        1016384         21.848506998         22.300987970
        1026496         21.786665851         22.300198663
        1036736         21.670530380         22.299235060
        1047040         21.637544124         22.296739791
        1057472         21.627798358         22.299877575
        1068032         21.514397520         22.296580582
        1078656         21.440008073         22.300799535
        1089408         21.367935184         22.301954793
        1100288         21.296002011         22.295975913
        1111232         21.239615723         22.296432271
        1122304         21.244452252         22.297157785
        1133504         21.250373973         22.299041539
        1144832         21.217464181         22.300272500
        1156224         21.189647260         22.299195096
        1167744         21.160057555         22.299712272
        1179392         21.161726855         22.300914874
        1191168         21.148729638         22.298086315
        1203072         21.026800560         22.300644832
        1215040         20.952122064         22.303909936
        1227136         20.934413172         22.304048769
        1239360         20.895075056         22.307720433
        1251712         20.853806471         22.307096965
        1264192         20.823323603         22.309147069
        1276800         20.818840085         22.308211625
        1289536         20.796257845         22.307535724
        1302400         20.772140447         22.308674851
        1315392         20.764301951         22.306159215
        1328512         20.761276501         22.306608466
        1341760         20.738307016         22.308039285
        1355136         20.722652560         22.308169384
        1368640         20.709263852         22.310383486
        1382272         20.690783171         22.309096778
        1396032         20.690885317         22.307693552
        1409984         20.684800407         22.311882866
        1424064         20.631673977         22.311918775
        1438272         20.628775904         22.309692450
        1452608         20.589183581         22.310877577
        1467072         20.500909356         22.308781735
        1481728         20.479492772         22.307557235
        1496512         20.404659498         22.309285169
        1511424         20.366042765         22.307480916
        1526528         20.336695864         22.306851263
        1541760         20.300941040         22.307095851
        1557120         20.271990970         22.310803935
        1572672         20.269907908         22.310042837
        1588352         20.259981448         22.307890297
        1604224         20.262099470         22.309719232
        1620224         20.206590314         22.313589647
        1636416         20.190937106         22.312224210
        1652736         20.186249301         22.314770238
        1669248         20.172752197         22.316172618
        1685888         20.167233419         22.316825231
        1702720         20.115136487         22.314597724
        1719744         20.103501730         22.317570802
        1736896         20.097630837         22.319491416
        1754240         20.082785785         22.319461338
        1771776         20.068335383         22.319550353
        1789440         20.034498029         22.320380129
        1807296         20.026678399         22.319618378
        1825344         20.005640605         22.323452693
        1843584         19.997781137         22.322350176
        1862016         19.915828058         22.323844932
        1880576         19.892844677         22.324661926
        1899328         19.877687827         22.326109737
        1918272         19.860631637         22.327638145
        1937408         19.861091686         22.330033909
        1956736         19.854423137         22.330665085
        1976256         19.848186935         22.329324968
        1995968         19.844590665         22.328626529
        2015872         19.794538059         22.331333403
        2035968         19.780925063         22.331334278
        2056320         19.747536026         22.331883284
        2076864         19.742032428         22.333012723
        2097600         19.731421108         22.333732679
        2118528         19.724130501         22.333573365
        2139712         19.720833858         22.332990290
        2161088         19.707585744         22.335111101
        2182656         19.701619459         22.332844826
        2204480         19.699860994         22.332291399
        2226496         19.698410264         22.334132967
        2248704         19.698493611         22.334442841
        2271168         19.697476170         22.336365864
        2293824         19.696916756         22.334338087
        2316736         19.689984817         22.336580000
        2339840         19.682945974         22.336467948
        2363200         19.679186788         22.336187042
        2386816         19.675124998         22.336811110
        2410624         19.675338472         22.337932129
        2434688         19.668675991         22.337607462
        2459008         19.660658381         22.338369699
        2483584         19.657693669         22.336899423
        2508416         19.653801597         22.341399983
        2533440         19.647580410         22.340655917
        2558720         19.645300810         22.339169722
        2584256         19.644859678         22.339925822
        2610048         19.642876582         22.338752051
        2636096         19.643139626         22.336867228
        2662400         19.639803293         22.338317321
        2689024         19.636670569         22.339361079
        2715904         19.633999475         22.337416764
        2743040         19.635944459         22.339269863
        2770432         19.635111586         22.339282585
        2798080         19.633978108         22.338603153
        2826048         19.630766491         22.336133184
        2854272         19.631726487         22.337145436
        2882752         19.630309636         22.337289547
        2911552         19.631349013         22.337782912
        2940608         19.632468845         22.339864389
        2969984         19.630373793         22.341390976
        2999680         19.631202597         22.340336364
        3029632         19.630552002         22.341190327
        3059904         19.629133981         22.341695014
        3090496         19.630924047         22.341530159
        3121344         19.630248933         22.340584488
        3152512         19.630829743         22.339820516
        3184000         19.630772921         22.342439124
        3215808         19.630709927         22.343102577
        3247936         19.630398302         22.342810780
        3280384         19.630566218         22.343459332
        3313152         19.630961665         22.345637032
        3346240         19.631224546         22.344263076
        3379648         19.631125449         22.344880839
        3413440         19.631851316         22.345158155
        3447552         19.631412820         22.346171189
        3481984         19.631202544         22.344965113
        3516800         19.631459025         22.345351595
        3551936         19.631925717         22.347312514
        3587392         19.630838554         22.347527114
        3623232         19.631635873         22.346582167
        3659456         19.631785097         22.347442627
        3696000         19.631711682         22.347733848
        3732928         19.631125317         22.347308333
        3770240         19.631086561         22.348354609
        3807936         19.631061847         22.347878467
        3845952         19.631133968         22.346084231
        3884352         19.631217683         22.346534537
        3923136         19.630910811         22.346169479
        3962304         19.631915775         22.345915251
        4001920         19.630667006         22.346891651
        4041920         19.631405437         22.346181593
        4082304         19.631079774         22.347087211
        4123072         19.631441873         22.346712107
        4164288         19.631069639         22.347767494
        4205888         19.631841198         22.349142596
        4247936         19.631420732         22.349120224
        4290368         19.631295887         22.349669991
        4333248         19.631929857         22.350279906
        4376576         19.631409076         22.349897539
        4420288         19.632782399         22.350770961
        4464448         19.632125921         22.350094023
        4509056         19.630635953         22.349045466
        4554112         19.632058501         22.349431046
        4599616         19.631595027         22.350209077
        4645568         19.632100691         22.350048302
        4691968         19.631446888         22.349194112
        4738880         19.631180551         22.352819939
        4786240         19.620905449         22.350567681
        4834048         19.622021953         22.347895439
        4882368         19.621384034         22.344900350
        4931136         19.613362954         22.349483401
        4980416         19.623005259         22.352685577
        5030208         19.614267059         22.344796851
        5080448         19.615565384         22.348081955
        5131200         19.612891368         22.343381311
        5182464         19.612208020         22.345217576
        5234240         19.605192936         22.347838204
        5286528         19.578320733         22.337698973
        5339392         19.610486004         22.346901205
        5392768         19.621914618         22.337407743
        5446656         19.607799253         22.341634711
        5501120         19.601887150         22.347192016
        5556096         19.584054879         22.344222606
        5611648         19.585374005         22.331784960
        5667712         19.600421328         22.334033981
        5724352         19.592109489         22.328240294
        5781568         19.590737217         22.335105932
        5839360         19.522736276         22.319154874
        5897728         19.547658400         22.314951719
        5956672         19.555909308         22.300262086
        6016192         19.542610836         22.295192416
        6076352         19.539868918         22.314087245
        6137088         19.538124796         22.321198470
        6198400         19.505661626         22.307731773
        6260352         19.541829330         22.313972094
        6322944         19.509713654         22.284380046
        6386112         19.491152486         22.301486251
        6449920         19.461100980         22.276980993
        6514368         19.432570235         22.273870198
        6579456         19.452038471         22.269595680
        6645248         19.433800115         22.233176920
        6711680         19.392846112         22.279509187
        6778752         19.392626040         22.266107076
        6846528         19.406941097         22.278451051
        6914944         19.408132366         22.284768624
        6984064         19.363376860         22.185744136
        7053888         19.362792536         22.206432119
        7124416         19.341285936         22.188312088
        7195648         19.295539258         22.211940656
        7267584         19.286620716         22.179084156
        7340224         19.226594300         22.157431617
        7413568         19.247184194         22.142877123
        7487680         19.242045075         22.152388820
        7562496         19.178032342         22.103172358
        7638080         19.221267010         22.122811611
        7714432         19.180188667         22.088866359
        7791552         19.171690321         22.084778544
        7869440         19.178705686         22.056850070
        7948096         19.116747279         22.037913274
        8027520         19.077435037         22.015927496
        8107776         19.057297005         21.995756929
        8188800         19.032457055         21.982181474
        8270656         19.001280581         21.950526039
        8353344         18.983859252         21.937010519
        8436864         18.912328070         21.896028337
        8521216         18.840683249         21.835106977
        8606400         18.789547405         21.796425845
        8692416         18.720838433         21.761777076
        8779328         18.721935595         21.673408801
        8867072         18.654673862         21.728586029
        8955712         18.548846735         21.648352821
        9045248         18.439619665         21.592940655
        9135680         18.479050054         21.547756433
        9227008         18.369011209         21.522144463
        9319232         18.401377294         21.484816621
        9412416         18.344604574         21.434398912
        9506496         18.318291989         21.436531909
        9601536         18.228902234         21.374727021
        9697536         18.191273556         21.358502208
        9794496         18.174951836         21.329168257
        9892416         18.175242332         21.311095959
        9991296         18.118553261         21.297403408
       10091200         18.139135223         21.292310793
       10192064         18.057651855         21.295193535
       10293952         18.078134875         21.292705334
       10396864         18.007651288         21.286880190
       10500800         17.942805390         21.287571720
       10605760         17.960341178         21.288382493
       10711808         17.935800754         21.280612794
       10818880         17.942393461         21.276640465
       10927040         17.901419620         21.281984387
       11036288         17.854266527         21.283405109
       11146624         17.856231063         21.276363649
       11258048         17.814250861         21.278098542
       11370624         17.783955485         21.277068988
       11484288         17.753285362         21.276624306
       11599104         17.760020998         21.279738794
       11715072         17.709595967         21.278204894
       11832192         17.667819868         21.278225171
       11950464         17.642139458         21.278591527
       12069952         17.607954504         21.277220026
       12190592         17.540746599         21.280127320
       12312448         17.492668618         21.274173890
       12435520         17.504832363         21.272950522
       12559872         17.452220070         21.271929698
       12685440         17.421824030         21.271727901
       12812288         17.386743518         21.276653912
       12940352         17.329283476         21.274361164
       13069696         17.233755354         21.279475060
       13200384         17.210194512         21.279289433
       13332352         17.130043779         21.276323222
       13465664         17.108905843         21.274302028
       13600320         17.047162190         21.273640509
       13736320         17.007522323         21.276960775
       13873664         16.969527046         21.272868150
       14012352         16.901710247         21.277437376
       14152448         16.833264640         21.275627374
       14293952         16.750484659         21.274750748
       14436864         16.694510726         21.278916670
       14581184         16.599813632         21.274323766
       14726976         16.499067964         21.272828808
       14874240         16.445236556         21.273126404
       15022976         16.315984821         21.273869927
       15173184         16.243885946         21.275198665
       15324864         16.195123080         21.270843787
       15478080         16.144654460         21.269613165
       15632832         16.092553857         21.271947021
       15789120         15.992693581         21.268128644
       15947008         15.869674347         21.268173397
       16106432         15.791434591         21.273721985
       16267456         15.717376869         21.271923735
       16430080         15.592012836         21.269838885
       16594368         15.564744864         21.272967419
       16760256         15.455911566         21.266967543
       16927808         15.419945744         21.267385727
       17097024         15.327312626         21.273005224
       17267968         15.296618067         21.269523030
       17440640         15.173451348         21.267474845
       17615040         15.132577029         21.268892750
       17791168         15.010355192         21.262703893
       17969024         15.014560728         21.265193189
       18148672         14.904535031         21.266421094
       18330112         14.831383339         21.263270505
       18513408         14.743398141         21.263512866
       18698496         14.699785118         21.265442273
       18885440         14.642504209         21.266167021
       19074240         14.512242594         21.262304072
       19264960         14.393871391         21.262772745
       19457600         14.359897840         21.260198301
       19652160         14.250457347         21.260481109
       19848640         14.216553394         21.260975205
       20047104         14.116336560         21.260404754
       20247552         14.056534933         21.260148168
       20449984         13.953821978         21.260196271
       20654464         13.943505315         21.259129036
       20860992         13.825543993         21.260325118
       21069568         13.777439629         21.257816813
       21280256         13.679905618         21.260269580
       21493056         13.644468620         21.256935935
       21707968         13.538751229         21.255076903
       21924992         13.507272689         21.255997523
       22144192         13.405952849         21.255170547
       22365632         13.373285392         21.255869004
       22589248         13.296621537         21.256821871
       22815104         13.261903256         21.253403180
       23043200         13.168714293         21.254944970
       23273600         13.128227707         21.259633606
       23506304         13.014257331         21.257309524
       23741312         13.002329141         21.256880322
       23978688         12.901726586         21.251776941
       24218432         12.911020965         21.251503991
       24460608         12.811048594         21.251838890
       24705152         12.787805851         21.251942148
       24952192         12.725849085         21.251004117
       25201664         12.732141665         21.245594771
       25453632         12.644330199         21.229604124
       25708160         12.580471251         21.216832924
       25965184         12.537649703         21.199938310
       26224832         12.899039278         21.187183543
       26487040         12.759940254         21.167550808
       26751872         12.855273698         21.155544054
       27019328         12.821046953         21.136907756
       27289472         12.817656674         21.127370659
       27562304         12.811162027         21.125799752
       27837888         12.791108177         21.126643498
       28116224         12.761974308         21.125512649
       28397376         12.709542404         21.129472936
       28681344         12.694751669         21.128442510
       28968128         12.576938759         21.128761434
       29257792         12.613156470         21.129780852
       29550336         12.507651362         21.130058501
       29845824         12.519536541         21.126021258
       30144256         12.420167480         21.127958295
       30445696         12.393894650         21.126397322
       30750144         12.358743077         21.125568316
       31057600         12.324452109         21.126493189
       31368128         12.268740465         21.126282329
       31681792         12.407797970         21.124190914
       31998592         12.386132451         21.121901190
       32318528         12.377468848         21.125236002
       32641664         12.258686037         21.127235332
       32968064         12.123876604         21.125347691
       33297728         12.239199398         21.122662930
       33630656         12.101233631         21.126260584
       33966912         11.972026059         21.125233511
       34306560         11.933871193         21.124266887
       34649600         11.944790380         21.121805428
       34996096         11.895902493         21.121048440
       35346048         12.016951237         21.121287404
       35699456         12.057771711         21.121598448
       36056448         12.095794705         21.122067004
       36416960         12.049818989         21.125232416
       36781120         11.836241919         21.124512744
       37148928         11.918304668         21.123179307
       37520384         11.805844901         21.124473286
       37895552         11.668968137         21.122536900
       38274496         11.657858926         21.121339994
       38657216         11.666394519         21.122229887
       39043776         11.719367102         21.123450331
       39434176         11.709512588         21.122098611
       39828480         11.756444949         21.123508479
       40226752         11.621478338         21.122641314
       40628992         11.694113097         21.121686893
       41035264         11.594357651         21.121392507
       41445568         11.494762372         21.122256147
       41859968         11.484416992         21.123665634
       42278528         11.468078216         21.121578677
       42701312         11.557688376         21.121697168
       43128320         11.591021551         21.120444197
       43559552         11.580400015         21.119085944
       43995136         11.470848516         21.122923356
       44435072         11.515039677         21.122655349
       44879360         11.386077054         21.121350452
       45328128         11.369282303         21.121796561
       45781376         11.361127359         21.121998848
       46239168         11.376994240         21.120543344
       46701504         11.420627355         21.123301325
       47168512         11.351996005         21.122506333
       47640192         11.401263545         21.121595822
       48116544         11.355367911         21.121967201
       48597696         11.295953437         21.121929723
       49083648         11.286098809         21.122982641
       49574464         11.342165227         21.121301550
       50070208         11.350009742         21.122497913
       50570880         11.352617025         21.119955358
       51076544         11.359920929         21.121081335
       51587264         11.275004526         21.120010643
       52103104         11.214793103         21.121772025
       52624128         11.223690046         21.120282685
       53150336         11.193832422         21.117716193
       53681792         11.255427361         21.123094196
       54218560         11.281950323         21.119018106
       54760704         11.303696925         21.123260662
       55308288         11.215200659         21.119879399
       55861312         11.147151135         21.119201797
       56419904         11.160285014         21.116305264
       56984064         11.132784404         21.117057886
       57553856         11.191688274         21.118396425
       58129344         11.204547106         21.107465115
       58710592         11.226296363         21.114643030
       59297664         11.131947665         21.108557346
       59890624         11.097650731         21.117522194
       60489472         11.113656762         21.115093715
       61094336         11.086310297         21.118158695
       61705216         11.164573168         21.108917805
       62322240         11.177584470         21.109350395
       62945408         11.170024388         21.109532826
       63574848         11.102135129         21.106662519
       64210560         11.067645450         21.108905084
       64852608         11.061692986         21.112513194
       65501120         11.057525323         21.114188741
       66156096         11.095598731         21.108103916
       66817600         11.111554885         21.106964674
       67485760         11.122556122         21.110171406
       68160576         11.064092596         21.110716810
       68842176         11.024552598         21.110624217
       69530560         11.027923758         21.110843144
       70225856         11.071294735         21.109021287
       70928064         11.087870494         21.109176936
       71637312         11.098499491         21.108478018
       72353664         11.098558281         21.107881740
       73077184         11.041372489         21.107833914
       73807936         11.011874945         21.109806062
       74545984         11.018534345         21.108493481
       75291392         11.052728542         21.107787621
       76044288         11.066521171         21.108131653
       76804672         11.088235932         21.107364945
       77572672         11.084831875         21.107605015
       78348352         11.028904440         21.108147437
       79131776         11.004332478         21.108222938
       79923072         11.002889713         21.110456048
       80722240         11.040642024         21.108115880
       81529408         11.059247051         21.108100063
       82344640         11.011392827         21.109216626
       83168064         11.037550647         21.109448292
       83999744         10.979524433         21.111929470
       84839680         10.999592263         21.107842970
       85688064         10.992369119         21.109944071
       86544896         11.020803798         21.108341081
       87410304         11.036348929         21.110691518
       88284352         11.003571256         21.110054632
       89167168         11.033008631         21.108424456
       90058816         10.991787540         21.109043351
       90959360         10.976311352         21.109530413
       91868928         10.992368991         21.111039881
       92787584         11.013245886         21.111070572
       93715456         11.035278360         21.111693476
       94652608         11.004150359         21.112905373
       95599104         11.019503921         21.110421237
       96555072         10.981983052         21.112459860
       97520576         10.986774596         21.111951786
       98495744         11.010409752         21.113451219
       99480640         11.021948279         21.111400139
      100475392         11.023044273         21.111338086
      101480128         10.994623222         21.111611692
      102494912         10.963959721         21.111912923
      103519808         10.980993898         21.111316120
      104554944         10.981262566         21.109381357
      105600448         10.994995889         21.109160445
      106656448         10.998514872         21.113119688
      107723008         11.015068820         21.111255706
      108800192         10.986906591         21.111481686
      109888192         10.966333452         21.111052049
      110987072         10.969148865         21.108659995
      112096896         10.969085975         21.107225935
      113217856         10.997779811         21.107582447
      114350016         11.010005343         21.108752301
      115493504         11.014165514         21.111480725
      116648384         10.973761763         21.106407662
      117814848         10.964355644         21.108127979
      118992960         10.969592428         21.110357055
      120182848         10.968324030         21.109021712
      121384640         10.993372822         21.106712451
      122598464         11.003456395         21.106899409
      123824448         11.008966159         21.105917809
      125062656         10.977885816         21.108064147
      126313280         10.960593311         21.109498325
      127576384         10.959329437         21.110315480
      128852096         10.998355268         21.106441780
      130140608         10.988645458         21.109510135
      131441984         10.998102887         21.106936904
      132756352         11.001082552         21.105406277
      134083904         10.973303365         21.105678792
      135424704         10.949973966         21.108481899
      136778944         10.962068134         21.105526254
      138146688         10.984279656         21.108474791
      139528128         10.983409021         21.107608578
      140923392         10.967109753         21.105180259
      142332608         10.974902653         21.106453075
      143755904         10.946646682         21.106215744
      145193408         10.958681785         21.106476567
      146645312         10.939937784         21.105617577
      148111744         10.976933931         21.105560192
      149592832         10.964994318         21.102514327
      151088704         10.956164855         21.106504386
      152599552         10.976723083         21.105753103
      154125504         10.952681961         21.106292899
      155666752         10.946754518         21.104439206
      157223360         10.946035128         21.106202154
      158795584         10.974162315         21.104638789
      160383488         10.975164023         21.104439792
      161987264         10.961053395         21.105148551
      163607104         10.975101272         21.103054773
      165243136         10.949042482         21.102742361
      166895552         10.939449486         21.105075560
      168564480         10.938838375         21.103923389
      170250112         10.963552844         21.104805765
      171952576         10.964546151         21.105895762
      173672064         10.974171897         21.104650360
      175408768         10.972572428         21.106674832
      177162816         10.952952134         21.107403636
      178934400         10.934803565         21.103104128
      180723712         10.943893765         21.105536761
      182530944         10.953983874         21.106028354
      184356224         10.963070628         21.103039498
      186199744         10.964830742         21.103427000
      188061696         10.955780160         21.102966805
      189942272         10.955270357         21.105980683
      191841664         10.937161627         21.103110750
      193760064         10.942836827         21.105042895
      195697664         10.953935610         21.105500174
      197654592         10.959346892         21.105454189
      199631104         10.965513119         21.104675310
      201627392         10.969169803         21.105690428
      203643648         10.946681345         21.108726440
      205680064         10.940517382         21.107041958
      207736832         10.937381115         21.105425809
      209814144         10.925737966         21.105973312
      211912256         10.950919347         21.104716700
      214031360         10.959146251         21.104831299
      216171648         10.954119663         21.103520527
      218333312         10.939546210         21.104910994
      220516608         10.950648146         21.101902449
      222721728         10.938696009         21.104135371
      224948928         10.937418654         21.103423366
      227198400         10.934269147         21.101522947
      229470336         10.945086565         21.103452409
      231764992         10.950599681         21.104453514
      234082624         10.942452651         21.101628645
      236423424         10.947303992         21.103903521
      238787648         10.929129286         21.103258341
      241175488         10.931944454         21.102222457
      243587200         10.927216115         21.103250838
      246023040         10.938335863         21.105064489
      248483264         10.946106667         21.104063284
      250968064         10.954814443         21.104379002
      253477696         10.959718641         21.103129995
      256012416         10.931373500         21.104327739
      258572480         10.921782276         21.104556647
      261158144         10.918044587         21.105311591
      263769664         10.927685124         21.103912152
      266407360         10.938425863         21.102996727
      269071424         10.948125970         21.104671895
      271762112         10.946982634         21.104803470
      274479680         10.934298065         21.105870894
      277224448         10.946259870         21.103201202
      279996672         10.932731116         21.102796929
      282796608         10.929388562         21.104471902
      285624512         10.930233257         21.105409074
      288480704         10.939917194         21.104644139
      291365504         10.940180249         21.104307879
      294279104         10.944740247         21.104322582
      297221888         10.942097997         21.104812462
      300194048         10.924691871         21.102073547
      303195968         10.924178350         21.103421759
      306227904         10.927265221         21.103654677
      309290176         10.934491078         21.104638001
      312383040         10.937855284         21.103268421
      315506816         10.943450176         21.106550380
      318661824         10.941608966         21.103797101
      321848384         10.926492396         21.100559816
      325066816         10.928916584         21.103736489
      328317440         10.924384493         21.101535132
      331600576         10.927222649         21.103546053
      334916544         10.917547045         21.104518594
      338265664         10.932105796         21.104836633
      341648320         10.934013560         21.106089569
      345064768         10.939829147         21.102049460
      348515392         10.938303253         21.103553634
      352000512         10.927649971         21.103815261
      355520512         10.919429920         21.106407721
      359075712         10.916206237         21.101543789
      362666432         10.921498410         21.103786816
      366293056         10.925025543         21.102850983
      369955968         10.927351557         21.104151347
      373655488         10.932867961         21.105182776
      377392000         10.934901260         21.104916948
      381165888         10.928391117         21.102409845
      384977536         10.931147654         21.104746658
      388827264         10.924259556         21.100808123
      392715520         10.918632690         21.100303821
      396642624         10.920769622         21.101508829
      400609024         10.930485229         21.096876277
      404615104         10.935235991         21.102990644
      408661248         10.928027345         21.103880779
      412747840         10.929479846         21.103943742
      416875264         10.932900875         21.102987301
      421043968         10.920537725         21.103328074
      425254400         10.916642244         21.102858515
      429506944         10.917848408         21.096743827
      433801984         10.910314803         21.102797469
      438139968         10.913705159         21.103730995
      442521344         10.914814955         21.103049573
      446946496         10.923864539         21.100311000
      451415936         10.925940994         21.102103497
      455930048         10.924651939         21.099136216
      460489344         10.917752680         21.101310580
      465094208         10.906372296         21.103799697
      469745088         10.907814003         21.100999288
      474442496         10.915189867         21.103396986
      479186880         10.918145608         21.101196213
      483978688         10.897849294         21.102699574
      488818432         10.916684778         21.103824429
      493706560         10.920688335         21.098668361
      498643584         10.922150348         21.100182971
      503630016         10.918923997         21.100246579
      508666304         10.923953972         21.103781979
      513752960         10.918748503         21.100115220
      518890432         10.904253238         21.099445845
      524079296         10.899168823         21.102835496
      529320064         10.914405596         21.102142116
      534613248         10.914317847         21.102942830
      539959360         10.920152523         21.102958298
      545358912         10.920902881         21.101580976
      550812480         10.928019639         21.101503311
      556320576         10.920401866         21.101237245
      561883776         10.925611289         21.103388828
      567502592         10.924114407         21.101488398
      573177600         10.914903217         21.101402737
      578909376         10.923368561         21.100476229
      584698432         10.897641542         21.101651544
      590545408         10.913153001         21.103311346
      596450816         10.915446658         21.102268973
      602415296         10.914971880         21.101407798
      608439424         10.913016275         21.103048512
      614523776         10.905489987         21.103566693
      620668992         10.919526309         21.102657280
      626875648         10.904862971         21.102929670
      633144384         10.917952546         21.101436546
      639475776         10.901302152         21.103239004
      645870528         10.911667034         21.101495443
      652329216         10.906471667         21.101407841
      658852480         10.918568694         21.100221516
      665440960         10.905368294         21.099307326
      672095360         10.902090577         21.084254516
      678816256         10.913828675         21.103390537
      685604416         10.908953206         21.100298631
      692460416         10.897853979         21.101968022
      699384960         10.910735959         21.097811693
      706378752         10.856210737         21.094109016
      713442496         10.906302821         21.101073193
      720576896         10.912949289         21.097907955
      727782656         10.911060626         21.099576897
      735060480         10.907885542         21.099902488
      742411072         10.895882884         21.098413638
      749835136         10.913366785         21.096311145
      757333440         10.905098222         21.101050039
      764906752         10.908170350         21.096696565
      772555776         10.896233450         21.097568429
      780281280         10.897682252         21.093301039
      788084032         10.880983318         21.096802453
      795964864         10.908287117         21.099142523
      803924480         10.908302396         21.095971803
      811963712         10.897636480         21.099724915
      820083328         10.910163447         21.097062805
      828284160         10.911012440         21.096155083
      836566976         10.910753730         21.097103183
      844932608         10.880092610         20.834374273
      853381888         10.909634686         21.095159531
      861915648         10.909173285         21.097828549
      870534784         10.904441250         21.096232184
      879240128         10.907803575         21.095699058
      888032512         10.895983355         21.094498380
      896912832         10.902117259         21.096763206
      905881920         10.896605796         21.095982503
      914940736         10.893872790         21.097471232
      924090112         10.907796198         21.095727548
      933331008         10.901696922         21.098392665
      942664256         10.887140473         21.098163487
      952090880         10.898797448         20.976512878
      961611776         10.889222218         21.096624447
      971227840         10.902026335         21.010899158
      980940096         10.891402436         21.096992269
      990749440         10.874916939         20.952050210
     1000656896         10.871450755         21.098400560
     1010663424         10.905393488         21.097789856
     1020770048         10.872424244         21.097805894
     1030977728         10.909412358         21.099226127
     1041287488         10.905526943         21.098970306
     1051700352         10.891374229         21.095595573
     1062217344         10.903654932         20.845933688
     1072839488         10.873974532         21.097203806
     1083567872         10.904817930         21.093447745
     1094403520         10.841779193         21.098902425
     1105347520         10.903783923         21.061227655
     1116400960         10.899982026         21.096282038
     1127564928         10.907400773         21.096190476
     1138840576         10.885245619         20.916898191
     1150228928         10.888151930         21.097604161
     1161731200         10.860449569         20.811193367
     1173348480         10.881457434         21.098598619
     1185081920         10.906063107         21.096813568
     1196932736         10.904106742         21.095636818
     1208902016         10.890731940         21.094952923
     1220990976         10.895553390         21.098098268
     1233200832         10.886866312         21.098464478
     1245532800         10.899509566         21.097433902
     1257988096         10.905031186         21.041343955
     1270567936         10.902511682         21.100053458
     1283273600         10.901169888         21.096386757
     1296106304         10.895210017         21.081634651
     1309067328         10.891709084         20.755812937
     1322157952         10.908542756         21.099145367
     1335379520         10.890946194         21.053426495
     1348733312         10.864122888         20.958704827
     1362220608         10.892544662         21.098217188
     1375842752         10.901722084         21.055103707
     1389601152         10.858208400         21.097673912
     1403497152         10.909108592         20.995686862
     1417532096         10.870100444         20.985193801
     1431707392         10.896781963         20.928761396
     1446024448         10.730244543         20.968008413
     1460484672         10.888464875         20.883862368
     1475089472         10.887932078         20.684127305
     1489840320         10.889835287         20.963757410
     1504738688         10.862887698         21.075326763
     1519786048         10.846637837         21.009305460
     1534983872         10.906552433         20.904167957
     1550333696         10.893797598         21.059008090
     1565836992         10.889787116         20.891483127
     1581495360         10.899135515         21.042866163
     1597310272         10.746895028         20.911417488
     1613283328         10.886912450         20.978315603
     1629416128         10.843139255         20.828187460
     1645710272         10.884899350         21.096920394
     1662167360         10.891865993         20.727935783
     1678788992         10.878752246         20.879198606
     1695576832         10.885201043         20.913679259
     1712532544         10.892412244         21.087672224
     1729657856         10.878680126         20.862234213
     1746954432         10.883028351         20.850390594
     1764423936         10.888120736         21.026675958
     1782068160         10.696117231         20.966212465
     1799888832         10.871274975         20.962634916
     1817887680         10.767635752         20.954234633
     1836066496         10.884830975         21.076110938
     1854427136         10.765946809         20.937589773
     1872971392         10.860496401         20.956616487
     1891701056         10.774189847         20.906549290
     1910618048         10.906049275         20.942196575
     1929724224         10.800526521         20.895088231
     1949021440         10.854052348         20.736955911
     1968511616         10.885440503         20.976373554
     1988196672         10.891332342         21.013947203
     2008078592         10.890939297         20.940239316
     2028159360         10.873741577         20.922466118
     2048440896         10.884934192         20.993056113
     2068925248         10.879801366         20.593483009
     2089614464         10.835134273         21.096998048
     2110510592         10.791047333         21.095779432
     2131615680         10.806117884         20.958820395
     2152931776         10.318679668         20.673757505
     2174461056         10.868062789         18.968684677
     2196205632         10.868479177         20.863891478
     2218167680         10.780321679         19.113545935
     2240349312         10.878645859         20.804305868
     2262752768         10.380312050         20.780188652
     2285380288         10.780509322         19.149351821
     2308234048         10.828946533         20.865896877
     2331316352         10.353029300         20.536313439
     2354629504         10.757758283         20.830293208
     2378175744         10.372154197         20.979866637
     2401957440         10.369226128         20.818444021
     2425976960         10.872428982         20.609052678
     2450236672         10.374472028         20.990852961
     2474739008         10.373324390         20.990097781
     2499486336         10.807991975         20.651924861
     2524481152         10.390652479         20.870725646
     2549725952         10.428446510         20.909904367
     2575223168         10.772176133         20.879553776
     2600975360         10.408338955         20.246357738
     2626985088         10.415366130         20.400761198
     2653254912         10.784357457         19.361503998
     2679787456         10.860369840         20.924276049
     2706585280         10.438392097         20.675339619
     2733651072         10.348837962         20.951459502
     2760987520         10.856061592         19.259352779
     2788597376         10.834293764         20.631939239
     2816483328         10.428559666         21.000736447
     2844648128         10.457274328         20.975444652
     2873094592         10.760935842         19.423596064
     2901825536         10.872572164         19.142835588
     2930843776         10.824998952         20.561720918
     2960152192         10.449223760         20.681211906
     2989753664         10.474312022         20.964712227
     3019651200         10.769444774         19.451395624
     3049847680         10.836175056         19.671245672
     3080346112         10.857706582         20.703673994
     3111149568         10.453957899         21.016632977
     3142261056         10.493982493         20.914160304
     3173683648         10.396831564         20.926791329
     3205420480         10.493322986         19.985965179
     3237474624         10.734707926         19.688647243
     3269849344         10.851854231         19.727305089
     3302547776         10.838851608         20.786913489
     3335573248         10.481054799         20.895313694
     3368928960         10.466132049         20.771263136
     3402618240         10.484680836         20.930468866
     3436644416         10.507831684         20.973370757
     3471010816         10.430855084         20.961512974
     3505720896         10.486793920         20.804987668
     3540778048         10.433943793         20.840388747
     3576185792         10.530198137         20.910952498
     3611947648         10.440848899         20.949533135
     3648067072         10.534211054         20.772805824
     3684547712         10.447675713         20.890167907
     3721393152         10.538829670         20.904796566
     3758607040         10.450420166         20.939891328
     3796193088         10.525980069         20.675857710
     3834155008         10.456460181         20.956361650
     3872496512         10.545767735         20.829613799
     3911221440         10.455111788         20.977006901
     3950333632         10.560930880         20.458263907
     3989836928         10.517240368         20.961718919
     4029735296         10.559961886         20.791412796
     4070032640         10.527617832         19.966964133
     4110732928         10.717483053         19.709256897
     4151840256         10.550425682         20.893563430
     4193358656         10.481553004         20.989074997
     4235292224         10.561946798         20.852570060
     4277645120         10.489137501         21.008503593
